1
1
1
1
0.999994
0.962761
0.995713
0.999999
0.734488
0.383668
0.972753
0.851825
0.0225362
0.0587026
0.386659
0.130637
3.74195e-006
3.45573e-006
1.66562e-006
2.30988e-006
1.24595e-005
6.29169e-006
3.2352e-006
4.39212e-006
1.24926e-005
5.53327e-006
2.43708e-006
3.06315e-006
8.00072e-006
3.77525e-006
9.7629e-007
7.8413e-007
0.192571
0.255545
3.69531e-006
2.40838e-007
0.503239
0.948578
0.0448853
8.20105e-008
0.99322
0.999996
0.732934
0.00305549
0.999995
0.999402
0.756615
0.607964
1.18783e-005
1.16366e-005
4.99975e-006
5.84658e-006
4.28931e-005
1.83651e-005
7.3825e-006
1.11834e-005
4.93559e-005
2.07637e-005
6.00324e-006
7.27865e-006
2.44813e-005
1.03771e-005
2.69851e-006
2.63073e-006
0.000733438
0.572063
0.999978
0.999698
7.08223e-010
0.00942985
0.997203
0.994479
3.29733e-008
0.52486
0.999995
0.999684
5.01793e-006
0.537395
0.999994
1
0.544609
0.000890637
2.19777e-005
0.0300492
0.962093
0.503272
0.300479
0.979529
0.999997
0.482568
0.0371129
0.537259
0.999992
0.138801
2.03041e-007
6.06178e-007
5.19487e-006
0.512629
0.9998
0.999996
5.75064e-007
0.379577
0.926326
0.999923
2.58772e-007
0.00233637
0.534043
0.999558
1.48147e-009
4.50372e-006
0.151822
0.378443
0.11001
2.26677e-008
3.60956e-012
8.17223e-013
0.73042
0.000321716
1.45165e-011
2.40824e-011
0.96782
0.000199226
5.51221e-013
2.55751e-013
0.28237
3.61518e-005
1.44642e-011
4.53167e-015
0.00617911
0.000148066
0.00036518
4.0276e-005
0.427033
0.999313
0.999998
0.862306
0.785218
0.922339
0.994656
0.999981
0.99999
0.999807
0.99994
0.999999
8.87658e-010
4.46894e-008
2.88452e-008
2.36404e-008
8.75277e-005
0.496745
0.561494
0.448914
0.295994
0.220087
0.815741
0.999982
0.864041
0.500743
0.744297
1
7.44542e-006
1.14276e-005
6.26677e-006
7.36521e-006
2.02652e-005
2.21086e-005
8.6588e-006
1.19043e-005
2.01956e-005
1.95798e-005
1.11726e-005
1.38911e-005
1.28381e-005
1.22862e-005
4.71424e-006
6.2899e-006
0.117817
0.47036
0.999994
0.999994
0.196331
0.00101344
0.490323
0.68936
0.00247564
1.31163e-008
0.00264584
0.0526684
5.76904e-008
1.47839e-006
0.145158
0.00816158
3.52701e-005
4.67099e-005
3.61513e-005
3.94836e-005
0.000113272
7.68907e-005
4.97102e-005
5.54981e-005
9.61638e-005
6.57079e-005
5.27447e-005
5.68307e-005
6.35764e-005
5.78132e-005
2.2898e-005
2.52648e-005
0.172045
1.66875e-005
1.71637e-006
7.3833e-006
0.743973
0.475576
0.19584
0.193937
0.999825
0.940167
0.306105
0.734676
1
0.97194
0.28737
0.532791
0.520194
0.620821
0.00672707
0.000119702
0.54539
0.953246
0.00184755
3.68591e-010
0.566127
0.981336
0.1933
3.80493e-006
0.392246
0.49036
0.115492
0.000911087
1
0.999995
0.95788
0.854016
1
0.999649
0.00529193
2.99412e-005
0.948362
0.998601
0.364151
7.89582e-008
0.829203
0.975743
0.388272
3.85567e-006
