0.431686
0.00140136
0.481329
0.995658
0.000219218
0.00590863
0.938136
0.652217
0.0773252
0.000982
0.0581622
0.000417467
0.184516
5.64861e-006
1.06844e-008
3.76613e-008
2.41852e-006
6.04803e-007
3.72088e-007
3.3345e-007
2.41979e-006
9.94676e-007
6.73497e-007
4.64934e-007
1.10702e-006
6.11462e-007
5.35263e-007
3.53659e-007
1.24374e-006
4.1373e-007
2.51937e-007
1.91312e-007
0.997777
0.999838
0.00127897
6.74457e-005
0.999191
0.99608
0.000258784
0.13222
0.990818
0.860083
0.446837
0.709626
0.999215
0.999871
0.998546
0.994212
5.54539e-006
1.12225e-006
7.03314e-007
7.08017e-007
6.20614e-006
1.72414e-006
1.48204e-006
1.26316e-006
2.83876e-006
1.26911e-006
1.59012e-006
1.04561e-006
3.54526e-006
1.01517e-006
6.41054e-007
4.24898e-007
0.625404
1
1
1
0.994356
1
1
1
0.999408
1
1
1
0.953383
1
1
1
2.82342e-005
6.20866e-016
4.04307e-014
6.22911e-014
0.000562886
4.09284e-011
1.15231e-008
7.03484e-009
1.18754e-007
3.64166e-012
3.24741e-011
4.22817e-011
8.27321e-011
5.29656e-015
1.34584e-013
1.40984e-015
0.00019537
0.559449
1
0.996828
8.08506e-007
0.268544
0.999991
0.964526
0.0648246
0.626568
0.673262
0.790729
0.00872097
0.151306
0.470462
0.656925
1.80089e-007
2.53878e-013
3.21273e-015
6.89008e-014
8.64052e-011
7.13409e-014
2.84432e-016
5.65153e-015
1.38846e-011
9.20323e-014
5.68286e-016
5.38336e-017
4.53237e-008
5.11228e-015
7.53755e-017
1.36891e-016
0.50874
0.478479
0.0543278
0.0406603
1
0.99897
0.608263
0.99623
0.996283
0.998912
0.999986
1
0.960143
0.999976
1
0.999993
0.0215305
0.00023095
1.21077e-007
1.1136e-007
0.998778
0.241313
0.165703
0.480917
0.731836
0.766918
0.941711
0.999884
0.686987
0.999817
0.999618
0.982818
8.0868e-006
3.30434e-006
1.73533e-006
1.35556e-006
8.7883e-006
4.58735e-006
3.8674e-006
2.36064e-006
5.97709e-006
3.97685e-006
3.24157e-006
2.73337e-006
6.48789e-006
2.93687e-006
1.68975e-006
1.21937e-006
0.00744518
0.339609
1
1
2.3071e-008
0.016948
0.994576
0.596323
5.00063e-006
0.0792772
0.730801
0.0236924
2.86842e-005
8.91972e-005
0.000133789
0.000796192
3.78955e-005
2.29944e-005
2.08044e-005
1.51226e-005
4.96013e-005
2.70854e-005
2.86942e-005
1.81993e-005
3.26964e-005
2.34761e-005
2.88812e-005
1.86052e-005
3.26799e-005
2.00481e-005
1.88652e-005
1.4022e-005
0.445438
1.43183e-005
2.43308e-011
3.9299e-009
0.998089
0.00154331
4.19976e-007
1.04112e-005
0.512498
0.00787109
1.52171e-005
8.97258e-005
0.129393
0.021094
9.53608e-005
1.94865e-005
0.755712
1
0.999768
0.988936
0.104812
0.965992
0.339802
0.0917088
0.707259
0.998793
0.26123
0.0273246
0.999281
0.998318
0.557648
0.840379
0.999999
0.992787
0.00163114
0.411524
0.838708
0.217523
0.000109427
0.00216648
0.813419
0.0241452
2.70876e-006
8.54151e-007
0.944902
0.144426
1.79641e-007
5.72233e-006
