0.99998
1
1
1
0.999212
0.999588
0.999994
1
0.999646
0.947409
0.868383
0.999795
0.79226
0.226317
0.0375607
0.349981
9.52367e-006
5.66359e-006
3.72359e-006
3.94949e-006
1.45909e-005
1.35232e-005
9.25687e-006
5.8117e-006
1.08354e-005
7.50834e-006
5.88313e-006
4.0562e-006
1.18027e-005
5.73131e-006
2.09523e-006
1.74747e-006
0.396541
0.802135
0.000189606
1.48208e-007
0.494982
0.989752
0.231758
2.86825e-008
0.333921
0.974555
0.513651
2.18273e-005
0.472486
0.957721
0.624153
0.341799
3.94941e-005
2.16302e-005
1.12903e-005
1.01415e-005
4.67637e-005
3.24857e-005
2.32801e-005
1.3745e-005
4.17032e-005
2.97011e-005
1.82782e-005
9.25835e-006
3.24229e-005
1.52229e-005
6.87238e-006
4.35853e-006
1.37663e-009
5.67663e-006
0.610458
0.643276
1.39137e-006
1.21327e-008
0.468336
0.207403
3.56678e-006
0.000584648
0.771292
0.849008
0.000389587
0.126647
0.999418
0.999975
1
0.981541
0.421472
0.844484
1
1
0.999184
1
1
0.999958
0.890067
0.999987
1
0.98838
0.0263088
0.262092
0.179734
0.0623365
0.837592
1
0.0258059
0.0269377
0.625096
0.999988
0.496274
9.36546e-005
0.501031
0.999958
0.489759
1.05942e-005
0.299382
0.751272
0.909524
0.000246433
1.50966e-008
5.52497e-009
0.792504
0.0651256
1.69718e-007
9.52703e-008
0.253412
0.00193927
1.08292e-010
2.77186e-009
0.00482558
1.86545e-006
6.19708e-012
3.92876e-014
0.216985
0.0285248
0.000187694
4.30548e-007
0.942754
0.99872
0.844048
0.481279
0.557569
0.999639
0.999986
0.999957
0.999409
1
1
1
0.00333973
1.06064e-008
1.81985e-008
1.0844e-007
0.462579
0.0911527
0.284058
0.261397
0.728856
0.74243
0.999369
0.999704
0.873314
0.949341
0.999688
1
1.769e-005
1.37475e-005
1.12539e-005
1.05329e-005
2.19515e-005
2.62638e-005
1.87451e-005
1.14976e-005
2.01446e-005
2.21874e-005
2.4368e-005
1.08854e-005
1.92391e-005
1.38824e-005
1.18758e-005
8.20609e-006
0.549729
0.0313618
0.818629
0.999988
0.335601
0.000963707
0.281995
0.826391
0.499826
6.87429e-006
4.23001e-005
0.0260041
0.380388
5.80596e-007
2.1097e-006
0.000710769
8.06907e-005
5.9289e-005
5.12059e-005
5.18431e-005
0.000119203
0.000101171
9.00167e-005
6.57757e-005
0.000113223
7.97887e-005
8.85785e-005
5.45411e-005
0.000107185
6.58947e-005
3.96607e-005
3.48496e-005
0.948506
0.0122085
0.0005417
0.000288409
1
0.9941
0.604491
0.757271
1
0.999966
0.998269
0.999921
1
0.999996
0.987443
0.881614
0.0693253
0.341553
0.00464465
1.07596e-007
0.00159561
0.0200152
0.016021
3.05441e-011
1.07717e-005
0.00657094
0.000925355
7.86524e-010
0.000896482
0.000351812
0.000951099
8.16035e-006
0.747631
1
0.996389
0.571336
0.499932
0.998604
0.493992
0.000102208
0.253867
0.793612
0.459913
3.21428e-008
0.229531
0.472216
0.252864
6.21574e-008
