0.99524
0.999938
1
1
0.998988
0.998899
0.999993
1
0.992114
0.914523
0.999595
0.999992
0.807252
0.329798
0.472606
0.467955
2.56809e-005
1.26795e-005
6.25496e-006
5.05304e-006
3.46725e-005
2.24066e-005
9.92159e-006
4.11774e-006
2.69958e-005
1.75261e-005
1.10079e-005
5.84417e-006
2.2315e-005
1.24783e-005
5.86472e-006
4.97962e-006
0.651639
0.997727
0.00240604
1.87064e-006
0.499978
0.999279
0.261061
3.64327e-007
0.498773
0.999866
0.509838
1.03004e-005
0.54694
0.999907
0.634094
0.253358
0.000128217
6.72889e-005
2.23828e-005
1.65909e-005
0.000164781
7.33617e-005
3.07568e-005
1.30554e-005
0.000128119
8.56916e-005
4.01813e-005
1.62342e-005
8.99377e-005
4.49056e-005
1.48349e-005
1.15766e-005
5.54463e-014
1.19159e-009
0.000541623
0.000141018
1.1655e-010
1.21367e-012
3.37191e-005
9.02809e-006
3.44341e-011
5.45382e-011
0.000178874
0.0211053
8.60499e-011
1.73448e-007
0.254631
0.742745
1
1
0.999975
0.999999
1
1
1
1
1
1
1
1
1
1
0.999902
0.999099
1.04248e-005
0.00667502
0.964273
0.999998
7.58849e-006
0.00154786
0.62137
0.992406
0.034531
2.30117e-005
0.523159
0.998174
0.016519
6.83238e-006
0.243661
0.707752
1
0.785577
0.0149105
0.00569645
1
0.989199
0.0928045
0.168752
1
0.69563
5.70071e-005
0.00151629
0.998293
0.285762
1.61887e-006
4.27764e-009
0.485279
0.0479914
0.000147887
7.87161e-007
0.331462
0.756271
0.59124
0.299976
0.082379
0.980967
0.844656
0.935568
0.768594
0.999999
1
1
0.134787
3.66734e-008
1.79877e-007
3.01925e-006
0.611481
0.000806894
0.174811
0.0743786
0.824133
0.0249434
0.614389
0.940074
0.821713
0.895207
0.993019
1
3.89147e-005
2.73052e-005
1.40426e-005
1.14351e-005
4.10818e-005
3.71091e-005
1.63071e-005
6.72672e-006
3.57592e-005
3.41259e-005
2.72528e-005
1.2485e-005
2.78282e-005
2.2659e-005
2.03557e-005
1.43375e-005
0.181919
0.0253625
0.894447
0.999992
0.0884968
8.50481e-005
0.212117
0.666904
0.349064
0.000268589
0.00234375
0.264433
0.222947
4.81654e-007
1.32315e-007
4.06285e-005
0.000156576
0.000126422
7.32541e-005
6.76153e-005
0.000201957
0.000143333
8.73573e-005
5.08858e-005
0.000177368
0.000150696
0.000114029
7.82921e-005
0.000162109
0.000109832
6.30362e-005
5.87229e-005
0.999504
0.0955883
0.0106639
0.137336
0.999997
0.991736
0.999425
0.999972
1
0.999917
0.999889
1
1
1
1
0.999998
0.338585
0.943695
0.01818
4.18557e-007
0.455188
0.823021
0.0248476
5.29515e-010
0.0285472
0.268391
0.000591561
2.6753e-010
0.0894681
0.000524539
1.55593e-005
2.00029e-006
0.83048
1
0.946064
0.585852
0.504436
0.999946
0.479083
5.50972e-005
0.306995
0.994376
0.49762
5.82824e-005
0.33327
0.627535
0.225133
5.71901e-007
