1
1
1
1
0.999999
0.999998
1
1
0.975032
0.965776
0.972608
0.999857
0.963411
0.441148
0.0541892
0.375944
1.18629e-005
7.107e-006
3.95681e-006
3.03214e-006
1.66523e-005
1.28288e-005
9.45002e-006
5.21405e-006
1.75818e-005
1.05045e-005
7.4532e-006
5.87261e-006
1.29868e-005
6.03611e-006
2.98442e-006
2.85813e-006
0.398909
0.0638407
1.31476e-006
6.14936e-009
0.499179
0.826172
0.121094
2.05269e-008
0.474843
0.944652
0.495881
1.65428e-006
0.736074
0.991204
0.614094
0.398985
3.53381e-005
1.96222e-005
1.04777e-005
7.5702e-006
5.66543e-005
2.98364e-005
2.16444e-005
1.16957e-005
4.90481e-005
3.91235e-005
2.5326e-005
1.30897e-005
5.04025e-005
1.7384e-005
7.51933e-006
6.40339e-006
3.96975e-006
0.148588
0.996422
0.903812
4.62566e-009
2.21825e-007
0.453963
0.12294
3.03264e-008
7.39688e-006
0.683404
0.57947
3.84186e-007
0.148006
0.997379
0.999464
0.767988
0.0938714
0.0779288
0.507319
1
0.999986
0.994755
1
1
0.999985
0.980894
0.999989
1
0.995007
0.505863
0.517269
0.000109485
0.800818
0.9996
1
0.000813136
0.290255
0.989732
0.999991
0.00495099
0.000387904
0.830228
0.999934
0.00120173
0.00034588
0.2743
0.725444
0.126149
2.90464e-006
4.66818e-010
1.55106e-008
0.731256
0.00243937
9.10413e-009
9.32566e-007
0.914692
0.00184996
8.00254e-011
9.71472e-009
0.067367
8.7148e-006
2.88698e-011
6.62427e-013
3.79337e-005
1.0921e-006
2.68084e-005
1.32534e-007
0.193187
0.0628576
0.156333
0.0217904
0.916906
0.99809
0.997333
0.996594
0.858879
1
1
1
2.78759e-008
6.97778e-010
1.06221e-009
6.92441e-009
0.0218647
0.000210965
0.0254384
0.0237488
0.541708
0.31379
0.912318
0.961609
0.862286
0.999382
0.999989
1
2.04277e-005
1.68642e-005
1.11624e-005
7.74821e-006
2.73935e-005
2.72462e-005
2.22659e-005
1.02058e-005
2.45376e-005
2.17327e-005
2.77764e-005
1.36995e-005
2.2366e-005
1.88435e-005
1.62102e-005
1.12944e-005
0.514421
0.99438
1
1
0.595905
0.240831
0.556184
0.941856
0.29409
0.000265569
0.124853
0.418105
0.00714049
2.88466e-007
1.02602e-007
7.9398e-005
8.66103e-005
8.4711e-005
6.50374e-005
4.72184e-005
0.000115942
9.13255e-005
9.00202e-005
5.7104e-005
0.000135861
0.000109181
0.000106281
7.24863e-005
0.000104597
7.56459e-005
5.21951e-005
5.1173e-005
0.252015
5.69659e-006
2.797e-006
0.000121951
0.980616
0.607549
0.284189
0.832058
0.999999
0.999274
0.986624
0.999957
1
0.999986
0.999786
0.999202
0.411906
0.770648
0.0343727
2.65028e-005
0.212931
0.0542133
0.000589796
1.52434e-010
0.00327536
0.000136891
2.97573e-006
1.75932e-010
0.237121
0.00632322
4.9606e-005
9.65907e-006
0.999999
1
0.808871
0.747142
0.754431
0.99988
0.496517
0.000220076
0.316123
0.789348
0.241436
1.08566e-006
0.877011
0.508768
0.0013716
1.43029e-008
